0  0.5
1  0.525
2  0.523687
3  0.523822
4  0.523808
5  0.52381
6  0.52381
7  0.52381
8  0.52381
9  0.52381
10  0.52381
11  0.52381
12  0.52381
13  0.52381
14  0.52381
15  0.52381
16  0.52381
17  0.52381
18  0.52381
19  0.52381
20  0.52381
21  0.52381
22  0.52381
23  0.52381
24  0.52381
25  0.52381
26  0.52381
27  0.52381
28  0.52381
29  0.52381
30  0.52381
31  0.52381
32  0.52381
33  0.52381
34  0.52381
35  0.52381
36  0.52381
37  0.52381
38  0.52381
39  0.52381
40  0.52381
41  0.52381
42  0.52381
43  0.52381
44  0.52381
45  0.52381
46  0.52381
47  0.52381
48  0.52381
49  0.52381
50  0.52381
51  0.52381
52  0.52381
53  0.52381
54  0.52381
55  0.52381
56  0.52381
57  0.52381
58  0.52381
59  0.52381
60  0.52381
61  0.52381
62  0.52381
63  0.52381
64  0.52381
65  0.52381
66  0.52381
67  0.52381
68  0.52381
69  0.52381
70  0.52381
71  0.52381
72  0.52381
73  0.52381
74  0.52381
75  0.52381
76  0.52381
77  0.52381
78  0.52381
79  0.52381
80  0.52381
81  0.52381
82  0.52381
83  0.52381
84  0.52381
85  0.52381
86  0.52381
87  0.52381
88  0.52381
89  0.52381
90  0.52381
91  0.52381
92  0.52381
93  0.52381
94  0.52381
95  0.52381
96  0.52381
97  0.52381
98  0.52381
99  0.52381
